#FID IID
3056490 3056490
1097071 1097071
5392302 5392302
4893551 4893551
4526692 4526692
1012016 1012016
2573584 2573584
2213696 2213696
3967783 3967783
1929510 1929510
1542875 1542875
1530797 1530797
5502882 5502882
5959718 5959718
1729747 1729747
4014862 4014862
1716792 1716792
2538615 2538615
5200025 5200025
3856646 3856646
5466462 5466462
3056705 3056705
5203636 5203636
1279878 1279878
3794854 3794854
1723526 1723526
2162316 2162316
1537366 1537366
2546774 2546774
4057484 4057484
4073816 4073816
5742471 5742471
4190256 4190256
5030625 5030625
3674744 3674744
4131457 4131457
4292231 4292231
2089047 2089047
5978435 5978435
3550317 3550317
4919521 4919521
5331870 5331870
1765015 1765015
2916909 2916909
5409548 5409548
1954436 1954436
4725914 4725914
3259673 3259673
5777577 5777577
1351092 1351092
5576058 5576058
2726947 2726947
4113643 4113643
3240960 3240960
4885773 4885773
5545109 5545109
4973751 4973751
4515112 4515112
4457090 4457090
3270159 3270159
5501078 5501078
3457883 3457883
2483253 2483253
4939303 4939303
5299917 5299917
3535657 3535657
4341978 4341978
2977558 2977558
1518304 1518304
1200277 1200277
4724632 4724632
3455682 3455682
3905156 3905156
4787627 4787627
5178520 5178520
2416270 2416270
1684267 1684267
4085429 4085429
1205465 1205465
5698125 5698125
2954958 2954958
1767874 1767874
3068511 3068511
1594065 1594065
5203302 5203302
4884309 4884309
4859695 4859695
3689088 3689088
5851120 5851120
2993191 2993191
3464714 3464714
2171667 2171667
4088899 4088899
2899121 2899121
1251478 1251478
2312195 2312195
3227505 3227505
3257444 3257444
2373498 2373498
3977107 3977107
2242663 2242663
5354138 5354138
2706898 2706898
3837327 3837327
5013199 5013199
1327515 1327515
4197710 4197710
5713206 5713206
5848563 5848563
2532525 2532525
2440728 2440728
2907245 2907245
2030455 2030455
1691879 1691879
1247012 1247012
1785994 1785994
2450090 2450090
4946325 4946325
4493241 4493241
5345526 5345526
1975287 1975287
1274587 1274587
2216386 2216386
1169621 1169621
3911600 3911600
1903484 1903484
1060573 1060573
4807528 4807528
4771480 4771480
1679587 1679587
5143742 5143742
4691839 4691839
2301677 2301677
5872711 5872711
5010623 5010623
2717462 2717462
2573931 2573931
2219279 2219279
4378766 4378766
3979176 3979176
1637618 1637618
5370948 5370948
3536062 3536062
1214549 1214549
3594589 3594589
1472244 1472244
2223858 2223858
4673126 4673126
2237075 2237075
5953037 5953037
3746770 3746770
2082681 2082681
2471187 2471187
3402692 3402692
2709645 2709645
5113582 5113582
2900858 2900858
1416138 1416138
3819788 3819788
1464873 1464873
1724654 1724654
4970741 4970741
2849952 2849952
4155828 4155828
1306056 1306056
2935595 2935595
1891157 1891157
4589790 4589790
1619418 1619418
1146744 1146744
4241784 4241784
4501581 4501581
1380025 1380025
5049175 5049175
2974672 2974672
3141085 3141085
1027298 1027298
2189617 2189617
1405739 1405739
1152127 1152127
4329533 4329533
5093725 5093725
3401939 3401939
4070812 4070812
5241654 5241654
5349242 5349242
5174010 5174010
1775473 1775473
2906119 2906119
3178764 3178764
2936699 2936699
1638543 1638543
3362001 3362001
1834917 1834917
2931698 2931698
4880693 4880693
5318438 5318438
2936177 2936177
4448380 4448380
1499390 1499390
1336012 1336012
3089773 3089773
4008583 4008583
3706268 3706268
4948231 4948231
1155531 1155531
2688693 2688693
3344703 3344703
5062778 5062778
5419381 5419381
1751075 1751075
3988089 3988089
3267535 3267535
4072699 4072699
4251829 4251829
4000842 4000842
4427853 4427853
4885322 4885322
2774728 2774728
2470142 2470142
4988876 4988876
2980843 2980843
4997599 4997599
4374898 4374898
3868415 3868415
5941082 5941082
3907680 3907680
3775255 3775255
3145392 3145392
5521475 5521475
2438883 2438883
4487456 4487456
2892107 2892107
2617186 2617186
2866520 2866520
1759547 1759547
2145852 2145852
2529022 2529022
4857328 4857328
5075401 5075401
4010166 4010166
4442544 4442544
3261446 3261446
3462831 3462831
1172546 1172546
3634192 3634192
1079682 1079682
1689831 1689831
4886723 4886723
5040682 5040682
2713834 2713834
2760137 2760137
2646448 2646448
1049384 1049384
3273149 3273149
1119712 1119712
2962602 2962602
3501202 3501202
2729311 2729311
3880697 3880697
4376372 4376372
5637256 5637256
3269458 3269458
1860065 1860065
2138031 2138031
3769479 3769479
2558674 2558674
3847393 3847393
2961803 2961803
1484333 1484333
5069888 5069888
1478260 1478260
2868807 2868807
1781360 1781360
1017748 1017748
4777152 4777152
5787836 5787836
2567743 2567743
1204891 1204891
5590079 5590079
2241668 2241668
1412798 1412798
4778758 4778758
2103936 2103936
4854238 4854238
2418879 2418879
3474950 3474950
5224318 5224318
3738318 3738318
3217227 3217227
2657809 2657809
2128536 2128536
1654649 1654649
4047083 4047083
2130297 2130297
1382766 1382766
2214353 2214353
2629895 2629895
4735588 4735588
1752614 1752614
4451824 4451824
5675544 5675544
5070418 5070418
3128444 3128444
3378684 3378684
4873464 4873464
1649305 1649305
1718503 1718503
3377017 3377017
4483695 4483695
2556504 2556504
1741281 1741281
5112753 5112753
1959905 1959905
3249300 3249300
2934970 2934970
2785404 2785404
2308645 2308645
1365573 1365573
3678225 3678225
3814416 3814416
5545004 5545004
3789777 3789777
3500132 3500132
3338830 3338830
1136216 1136216
3899441 3899441
4239725 4239725
3562719 3562719
1111124 1111124
4223108 4223108
3063471 3063471
4229416 4229416
5612074 5612074
4422570 4422570
3268962 3268962
1478725 1478725
3534612 3534612
3331045 3331045
3071002 3071002
5458774 5458774
4011312 4011312
1923161 1923161
3268813 3268813
4314699 4314699
4607703 4607703
2026394 2026394
1967147 1967147
5638180 5638180
4027641 4027641
3017819 3017819
1648785 1648785
2403318 2403318
3287763 3287763
5832269 5832269
5688100 5688100
2013822 2013822
2475447 2475447
5839706 5839706
4892823 4892823
4600603 4600603
2164531 2164531
3788080 3788080
5733557 5733557
5811439 5811439
5614937 5614937
2972826 2972826
3308600 3308600
1586136 1586136
2431399 2431399
5785390 5785390
5077656 5077656
4670372 4670372
3725431 3725431
3090334 3090334
3001995 3001995
5271896 5271896
1442938 1442938
1163064 1163064
4830758 4830758
3063067 3063067
3074232 3074232
2715178 2715178
1576910 1576910
5559179 5559179
5051750 5051750
1912172 1912172
2848366 2848366
5612007 5612007
2930884 2930884
4153243 4153243
2738680 2738680
1443495 1443495
4101446 4101446
3477012 3477012
4114774 4114774
1273133 1273133
4783812 4783812
4286383 4286383
4280834 4280834
2556123 2556123
4876535 4876535
5811854 5811854
1548099 1548099
4393508 4393508
3291761 3291761
1895873 1895873
5552629 5552629
5311797 5311797
1993627 1993627
1914768 1914768
3508127 3508127
5728627 5728627
4625855 4625855
2990178 2990178
2072392 2072392
3010165 3010165
2675462 2675462
5069389 5069389
4402580 4402580
5507052 5507052
2659703 2659703
4869830 4869830
1402978 1402978
4616558 4616558
4445334 4445334
1634368 1634368
1628382 1628382
1420866 1420866
5332267 5332267
2720548 2720548
3256577 3256577
5730778 5730778
2402999 2402999
3272493 3272493
4037190 4037190
4059076 4059076
2685568 2685568
1966509 1966509
3927569 3927569
5728163 5728163
1217160 1217160
2426508 2426508
2011488 2011488
1155283 1155283
4348772 4348772
4630387 4630387
2778129 2778129
3799816 3799816
3309616 3309616
1181533 1181533
3959722 3959722
3670786 3670786
5125941 5125941
1486780 1486780
3940075 3940075
5690423 5690423
3610120 3610120
5175854 5175854
1111621 1111621
2195602 2195602
4871844 4871844
5865702 5865702
2741074 2741074
2446214 2446214
1082333 1082333
3774024 3774024
1690191 1690191
5023891 5023891
5611435 5611435
5059729 5059729
2290845 2290845
2685709 2685709
4868994 4868994
2576161 2576161
5979533 5979533
1892342 1892342
3376202 3376202
3241993 3241993
4371496 4371496
4264645 4264645
3256238 3256238
3120800 3120800
3826126 3826126
3277484 3277484
2992746 2992746
3154024 3154024
4262836 4262836
5073881 5073881
2369657 2369657
1563535 1563535
1663398 1663398
3550438 3550438
3993152 3993152
3429708 3429708
3036736 3036736
3950906 3950906
5151984 5151984
2834651 2834651
2436772 2436772
4713880 4713880
2044004 2044004
2710758 2710758
1509909 1509909
1817737 1817737
1596282 1596282
3655983 3655983
3174286 3174286
2679461 2679461
5710259 5710259
5239733 5239733
2083029 2083029
5186842 5186842
2116289 2116289
5184982 5184982
2683536 2683536
3101014 3101014
2329943 2329943
5942968 5942968
3722504 3722504
1909112 1909112
5717696 5717696
6001110 6001110
2768556 2768556
4258238 4258238
2346219 2346219
1565726 1565726
3001170 3001170
5530651 5530651
2447592 2447592
3470499 3470499
1203886 1203886
4535109 4535109
1531076 1531076
4821883 4821883
4979122 4979122
3383274 3383274
4790739 4790739
5984895 5984895
5636507 5636507
1744174 1744174
5663510 5663510
5982837 5982837
2304061 2304061
4107294 4107294
5609270 5609270
1804365 1804365
2440453 2440453
3101621 3101621
2856505 2856505
2769087 2769087
1640299 1640299
5310386 5310386
5281695 5281695
4329826 4329826
3497770 3497770
4115564 4115564
5484631 5484631
1266056 1266056
3408163 3408163
2911634 2911634
4630181 4630181
4547456 4547456
6008316 6008316
1335629 1335629
2037574 2037574
4707179 4707179
5634047 5634047
3756614 3756614
3263425 3263425
2754952 2754952
1984539 1984539
5270685 5270685
2538220 2538220
1147020 1147020
1357369 1357369
1114931 1114931
3227115 3227115
5716291 5716291
3188859 3188859
1113963 1113963
3702677 3702677
5507699 5507699
5632292 5632292
2779572 2779572
5388835 5388835
1186898 1186898
4182480 4182480
5430515 5430515
1746160 1746160
2242089 2242089
1915158 1915158
5488859 5488859
2029176 2029176
5970333 5970333
1378522 1378522
2745786 2745786
1655132 1655132
1904438 1904438
4600459 4600459
5492806 5492806
4995036 4995036
2284751 2284751
5480058 5480058
1712015 1712015
1760114 1760114
2510268 2510268
1454935 1454935
1430480 1430480
2986112 2986112
4018590 4018590
3152115 3152115
1580998 1580998
1072290 1072290
3069061 3069061
3812676 3812676
5856319 5856319
1599920 1599920
1344645 1344645
5662045 5662045
1449887 1449887
3876720 3876720
3793469 3793469
4781816 4781816
3636537 3636537
2328296 2328296
2570943 2570943
5741497 5741497
4125840 4125840
5740829 5740829
4644851 4644851
5988969 5988969
5870798 5870798
2959965 2959965
3074194 3074194
5514393 5514393
2022188 2022188
3612461 3612461
2694222 2694222
1543967 1543967
1003366 1003366
3253833 3253833
3833130 3833130
5225582 5225582
2229726 2229726
3766086 3766086
4274322 4274322
4823732 4823732
1858906 1858906
4313265 4313265
1311310 1311310
5994522 5994522
5083700 5083700
5049253 5049253
3025362 3025362
5938952 5938952
1117303 1117303
4421233 4421233
5119211 5119211
5267468 5267468
5389111 5389111
5033137 5033137
5601538 5601538
3597700 3597700
4683900 4683900
5316561 5316561
2390396 2390396
5005396 5005396
2620972 2620972
2917809 2917809
4182606 4182606
1721346 1721346
3224378 3224378
4359181 4359181
3326262 3326262
4340909 4340909
4577382 4577382
4634701 4634701
3134004 3134004
5729906 5729906
1713571 1713571
2839427 2839427
2208464 2208464
4448647 4448647
1108408 1108408
5894000 5894000
2019123 2019123
3258957 3258957
1798170 1798170
2470214 2470214
4552596 4552596
4050540 4050540
3008737 3008737
1520742 1520742
3468499 3468499
5423825 5423825
4705004 4705004
2256149 2256149
1018214 1018214
4507946 4507946
1310230 1310230
4976710 4976710
4023757 4023757
5020867 5020867
1931917 1931917
5397620 5397620
4260391 4260391
2522942 2522942
3686979 3686979
2784514 2784514
5153035 5153035
3604027 3604027
1191772 1191772
4324152 4324152
1996418 1996418
4629981 4629981
1110285 1110285
3779574 3779574
5436273 5436273
2335616 2335616
3219578 3219578
2217684 2217684
1285456 1285456
4701141 4701141
2993864 2993864
5220100 5220100
5363746 5363746
2800554 2800554
3204365 3204365
5986886 5986886
1351251 1351251
5271344 5271344
4999737 4999737
3221382 3221382
4206722 4206722
1857348 1857348
4633671 4633671
2726676 2726676
2001811 2001811
4118547 4118547
1579600 1579600
5130250 5130250
4529683 4529683
5507787 5507787
1670759 1670759
4039096 4039096
2880140 2880140
1663809 1663809
5061325 5061325
1190184 1190184
5377694 5377694
2681664 2681664
2329329 2329329
1174378 1174378
4366028 4366028
2546329 2546329
6010322 6010322
3397726 3397726
2994466 2994466
1891970 1891970
5352766 5352766
5830460 5830460
2690857 2690857
4591329 4591329
4679490 4679490
2758424 2758424
2573429 2573429
4594712 4594712
3361558 3361558
5881546 5881546
2826344 2826344
1353047 1353047
4349879 4349879
2234146 2234146
4907844 4907844
2817649 2817649
3547309 3547309
4896651 4896651
2943699 2943699
2858518 2858518
4612704 4612704
3303039 3303039
5344193 5344193
5140994 5140994
5658170 5658170
4504998 4504998
2936819 2936819
5114716 5114716
2798918 2798918
1715682 1715682
3584411 3584411
2227691 2227691
2968751 2968751
2922465 2922465
3263438 3263438
4698635 4698635
5039539 5039539
1985844 1985844
4469676 4469676
4130385 4130385
1452403 1452403
5901134 5901134
2289304 2289304
5402055 5402055
4071183 4071183
3612686 3612686
3374156 3374156
2590287 2590287
1874158 1874158
3367181 3367181
4169682 4169682
4516217 4516217
3687814 3687814
3531192 3531192
5713924 5713924
2214719 2214719
3585288 3585288
3715230 3715230
4328972 4328972
4426543 4426543
1261779 1261779
1956542 1956542
1899763 1899763
4553785 4553785
2871171 2871171
2564811 2564811
3391408 3391408
1545689 1545689
1388684 1388684
2195005 2195005
4359583 4359583
4077487 4077487
2683975 2683975
4834490 4834490
3935330 3935330
5701132 5701132
4888079 4888079
2337063 2337063
2753676 2753676
2445510 2445510
4672876 4672876
1789741 1789741
1162209 1162209
3276189 3276189
3494333 3494333
2542349 2542349
2535417 2535417
2456823 2456823
3892266 3892266
2172322 2172322
2345799 2345799
3649032 3649032
1341830 1341830
5702781 5702781
5260514 5260514
1495398 1495398
1210649 1210649
4047973 4047973
5041934 5041934
3290357 3290357
3565539 3565539
4141458 4141458
2280863 2280863
1408792 1408792
4508937 4508937
4260082 4260082
2604077 2604077
1770806 1770806
4464532 4464532
3438854 3438854
1592221 1592221
5338876 5338876
1397609 1397609
1353472 1353472
5575371 5575371
2818137 2818137
3600931 3600931
2265672 2265672
4719713 4719713
3089474 3089474
3904390 3904390
2781641 2781641
5781289 5781289
5689405 5689405
2576178 2576178
5085894 5085894
5524139 5524139
1931770 1931770
4820800 4820800
2659787 2659787
5092668 5092668
5086895 5086895
1930204 1930204
2781354 2781354
2297177 2297177
5856497 5856497
3531658 3531658
5539677 5539677
2913625 2913625
5603303 5603303
3433796 3433796
2633522 2633522
3353952 3353952
2624365 2624365
2703790 2703790
2384919 2384919
3255573 3255573
3636479 3636479
5208757 5208757
2574397 2574397
4794010 4794010
1391506 1391506
1854899 1854899
1480501 1480501
1849567 1849567
2096709 2096709
3899957 3899957
3693448 3693448
4765841 4765841
4536882 4536882
5879047 5879047
1835913 1835913
5949135 5949135
3274294 3274294
4354120 4354120
2773084 2773084
3482485 3482485
2085880 2085880
3541053 3541053
5421929 5421929
2868667 2868667
2566440 2566440
4792667 4792667
3868248 3868248
5183975 5183975
5787899 5787899
1862392 1862392
3275284 3275284
5646844 5646844
2882695 2882695
2509591 2509591
4495655 4495655
2957889 2957889
5487761 5487761
4152848 4152848
5430384 5430384
6004108 6004108
5851781 5851781
3325062 3325062
3726707 3726707
4729491 4729491
2315192 2315192
2761908 2761908
1446307 1446307
4435607 4435607
3251572 3251572
3038001 3038001
5616185 5616185
2891902 2891902
4644688 4644688
4923535 4923535
4395606 4395606
3302933 3302933
1186589 1186589
3039739 3039739
4880689 4880689
5905357 5905357
1066247 1066247
4843298 4843298
3332831 3332831
4419347 4419347
2443767 2443767
2585544 2585544
2182643 2182643
1207107 1207107
3117969 3117969
5015701 5015701
4783467 4783467
2379141 2379141
1694260 1694260
3431452 3431452
4034619 4034619
5581730 5581730
4569528 4569528
4037369 4037369
2081853 2081853
4961854 4961854
5577391 5577391
1019776 1019776
3975118 3975118
4844382 4844382
3732414 3732414
2579052 2579052
5144363 5144363
3066604 3066604
1025977 1025977
3379147 3379147
4091659 4091659
3732949 3732949
5924538 5924538
1603441 1603441
4395631 4395631
2419203 2419203
4821219 4821219
5252866 5252866
4653388 4653388
4387412 4387412
3199305 3199305
1717860 1717860
3846280 3846280
6024727 6024727
2825319 2825319
3845192 3845192
5002038 5002038
2684207 2684207
2968879 2968879
4414873 4414873
3750179 3750179
3421455 3421455
5676627 5676627
5706979 5706979
5536752 5536752
4147639 4147639
1107218 1107218
4815188 4815188
4883776 4883776
1789113 1789113
3430633 3430633
5792286 5792286
1015525 1015525
5754087 5754087
2547435 2547435
3548003 3548003
2256280 2256280
4561932 4561932
2861578 2861578
4431292 4431292
1308471 1308471
2528008 2528008
5842503 5842503
3657232 3657232
3812108 3812108
4768358 4768358
2790544 2790544
3744393 3744393
1123450 1123450
3953323 3953323
4907078 4907078
4405014 4405014
3676527 3676527
4516624 4516624
1914818 1914818
4040024 4040024
3874355 3874355
2032011 2032011
2387386 2387386
2655572 2655572
1318370 1318370
4302689 4302689
4087623 4087623
5785871 5785871
3851227 3851227
4673864 4673864
1856722 1856722
3670751 3670751
3770946 3770946
5095461 5095461
4190717 4190717
4323099 4323099
2812402 2812402
5371309 5371309
1943738 1943738
2083223 2083223
3440349 3440349
4754070 4754070
2117665 2117665
5631609 5631609
5908151 5908151
5545481 5545481
2397781 2397781
3054174 3054174
3657496 3657496
3849031 3849031
3454169 3454169
3403468 3403468
4563040 4563040
2749732 2749732
4658215 4658215
2623324 2623324
2028141 2028141
2980292 2980292
2509604 2509604
2416360 2416360
4191988 4191988
3990483 3990483
3207555 3207555
2600541 2600541
3371691 3371691
4762158 4762158
4966792 4966792
5801998 5801998
2298474 2298474
5869496 5869496
4844600 4844600
2429426 2429426
1095965 1095965
3223746 3223746
2394049 2394049
3416536 3416536
1847181 1847181
5709356 5709356
4451801 4451801
5632041 5632041
5048364 5048364
3963594 3963594
1686738 1686738
5552096 5552096
1591906 1591906
2526922 2526922
1464241 1464241
4986287 4986287
5135200 5135200
1436067 1436067
1956909 1956909
2572461 2572461
3071762 3071762
4617226 4617226
3914555 3914555
4976655 4976655
1086793 1086793
5433504 5433504
1159500 1159500
1679859 1679859
1797843 1797843
4815114 4815114
1382342 1382342
2645454 2645454
2049663 2049663
2332704 2332704
4322208 4322208
3370800 3370800
1479841 1479841
1460195 1460195
4655587 4655587
5732301 5732301
1713979 1713979
2008313 2008313
2115321 2115321
2564188 2564188
3194808 3194808
4002743 4002743
5774614 5774614
2147501 2147501
1172383 1172383
3340438 3340438
3166676 3166676
1169753 1169753
4723183 4723183
5190764 5190764
5257011 5257011
2285934 2285934
6007268 6007268
2783460 2783460
3395583 3395583
1543326 1543326
5880400 5880400
1737956 1737956
3254557 3254557
3379276 3379276
5344894 5344894
3080945 3080945
1887523 1887523
2473012 2473012
1536053 1536053
3719915 3719915
2664808 2664808
4905990 4905990
3836647 3836647
1874898 1874898
3957427 3957427
4757931 4757931
2132850 2132850
3617970 3617970
2495713 2495713
2194666 2194666
4544232 4544232
6013576 6013576
5290948 5290948
3720161 3720161
2625242 2625242
5301081 5301081
4563227 4563227
5978053 5978053
4124169 4124169
5177475 5177475
5581378 5581378
3309633 3309633
4396670 4396670
2200230 2200230
1967756 1967756
2350946 2350946
5488172 5488172
2004552 2004552
3615786 3615786
4885615 4885615
2099591 2099591
1660359 1660359
4724099 4724099
5829310 5829310
4441225 4441225
5405104 5405104
5132908 5132908
1018597 1018597
2074471 2074471
4655040 4655040
1875317 1875317
2263376 2263376
5932587 5932587
4236857 4236857
1372268 1372268
5898780 5898780
3847637 3847637
4068517 4068517
1498371 1498371
3788351 3788351
3827838 3827838
1620737 1620737
5566879 5566879
2197166 2197166
2638697 2638697
2228917 2228917
4557924 4557924
2323529 2323529
1983389 1983389
5678397 5678397
5469785 5469785
2387722 2387722
5528398 5528398
4336657 4336657
4565115 4565115
1191275 1191275
1400551 1400551
2179398 2179398
4345508 4345508
2318863 2318863
2072115 2072115
2066193 2066193
3608208 3608208
3767080 3767080
4224870 4224870
2649611 2649611
2185103 2185103
2586999 2586999
1551554 1551554
2700351 2700351
2487733 2487733
4611661 4611661
3145074 3145074
4814652 4814652
1280977 1280977
5808499 5808499
4678846 4678846
3497298 3497298
5665902 5665902
1552855 1552855
2797266 2797266
2383832 2383832
2109785 2109785
2675799 2675799
5781825 5781825
4421513 4421513
3785781 3785781
6021260 6021260
1464606 1464606
3975488 3975488
1691202 1691202
5026590 5026590
5033462 5033462
3415229 3415229
4634485 4634485
5867881 5867881
1783324 1783324
3548880 3548880
2650790 2650790
1207924 1207924
5472542 5472542
5747292 5747292
5932961 5932961
2612172 2612172
1853510 1853510
2545874 2545874
5434944 5434944
2673753 2673753
3119136 3119136
3735800 3735800
4050579 4050579
3663308 3663308
2672998 2672998
4514550 4514550
3484140 3484140
2472430 2472430
3752829 3752829
5341143 5341143
5791504 5791504
2740738 2740738
3715650 3715650
4082485 4082485
4250857 4250857
4252992 4252992
2793764 2793764
5328899 5328899
3849167 3849167
3071455 3071455
5197621 5197621
4204579 4204579
4372768 4372768
5697007 5697007
5939308 5939308
1851021 1851021
2066491 2066491
1215114 1215114
3590742 3590742
3130905 3130905
4854484 4854484
1317229 1317229
2894546 2894546
3193609 3193609
3708507 3708507
5579160 5579160
2206034 2206034
2045714 2045714
2811374 2811374
4909366 4909366
4333245 4333245
5085221 5085221
5797607 5797607
3842514 3842514
1924418 1924418
3157253 3157253
3783850 3783850
1807773 1807773
4513536 4513536
1713054 1713054
4839453 4839453
5581641 5581641
1973532 1973532
4289439 4289439
1218769 1218769
5348886 5348886
5099443 5099443
5890997 5890997
4201764 4201764
1531874 1531874
3501991 3501991
4924547 4924547
5496885 5496885
5709172 5709172
1050173 1050173
5468675 5468675
3540618 3540618
1531185 1531185
3574903 3574903
2531625 2531625
2204658 2204658
1102529 1102529
2912877 2912877
3250229 3250229
2811342 2811342
5310811 5310811
3063373 3063373
4305632 4305632
2838117 2838117
4852835 4852835
1898841 1898841
5541007 5541007
1521450 1521450
2126721 2126721
3645169 3645169
2765898 2765898
5494073 5494073
3847831 3847831
5990904 5990904
3161581 3161581
2923445 2923445
4329248 4329248
1007200 1007200
2402029 2402029
5544144 5544144
3814626 3814626
2043157 2043157
3613520 3613520
5468398 5468398
5055966 5055966
3866238 3866238
5635814 5635814
2547747 2547747
3710089 3710089
5793045 5793045
5939195 5939195
4529323 4529323
2179754 2179754
2850456 2850456
1564213 1564213
4916955 4916955
3235214 3235214
4433572 4433572
1657224 1657224
4429435 4429435
2651755 2651755
3695710 3695710
2920241 2920241
4218462 4218462
2037444 2037444
2665922 2665922
1076867 1076867
4004910 4004910
5789495 5789495
2306370 2306370
4013395 4013395
2387067 2387067
3043042 3043042
5323786 5323786
3430928 3430928
1795825 1795825
1967646 1967646
3652614 3652614
2344824 2344824
1930882 1930882
2947803 2947803
3115700 3115700
5791860 5791860
1272563 1272563
4266318 4266318
4948417 4948417
5590729 5590729
5344049 5344049
1027319 1027319
5338080 5338080
1637621 1637621
2508431 2508431
2895712 2895712
2509961 2509961
3448039 3448039
5653270 5653270
2907370 2907370
3852123 3852123
2702671 2702671
3398637 3398637
5367995 5367995
4912463 4912463
4941337 4941337
1640803 1640803
2585338 2585338
2163643 2163643
5533952 5533952
3466885 3466885
4828928 4828928
1282292 1282292
1837200 1837200
5212145 5212145
1278831 1278831
5414902 5414902
1294154 1294154
3214440 3214440
5897292 5897292
3262038 3262038
5012104 5012104
3816912 3816912
4496171 4496171
4756599 4756599
2460246 2460246
4534103 4534103
3671051 3671051
2003680 2003680
2016332 2016332
1443644 1443644
4104484 4104484
2801653 2801653
2789142 2789142
4413931 4413931
3451108 3451108
4016599 4016599
3643624 3643624
6012797 6012797
2289690 2289690
2392354 2392354
1669783 1669783
1020879 1020879
1922168 1922168
5650620 5650620
4245965 4245965
3302916 3302916
3278558 3278558
3105624 3105624
4616935 4616935
2186197 2186197
5646164 5646164
2544112 2544112
5456492 5456492
3211731 3211731
4897329 4897329
4234597 4234597
5415123 5415123
1399267 1399267
4917742 4917742
2801814 2801814
5772422 5772422
5473654 5473654
2233365 2233365
2829994 2829994
4821845 4821845
1454643 1454643
3139105 3139105
4482091 4482091
3169974 3169974
1578086 1578086
3384322 3384322
4020612 4020612
1859029 1859029
1823080 1823080
5634812 5634812
3452292 3452292
4713430 4713430
4522976 4522976
2464145 2464145
2133186 2133186
3843193 3843193
3493391 3493391
4756910 4756910
6015498 6015498
2892716 2892716
2458602 2458602
3193854 3193854
4841670 4841670
5545831 5545831
1084133 1084133
4425968 4425968
5505163 5505163
2690197 2690197
3848028 3848028
2443736 2443736
4963186 4963186
1487298 1487298
5366729 5366729
3607245 3607245
1391366 1391366
3453362 3453362
3541784 3541784
4649655 4649655
1924652 1924652
1089358 1089358
2099079 2099079
1347021 1347021
3136286 3136286
4570803 4570803
1029739 1029739
5084670 5084670
4964229 4964229
1176411 1176411
4776690 4776690
2969822 2969822
2939894 2939894
5624363 5624363
2341944 2341944
3165899 3165899
1816933 1816933
2624995 2624995
5745927 5745927
2185187 2185187
4646064 4646064
1659486 1659486
1496568 1496568
1420757 1420757
2286155 2286155
3368505 3368505
4927698 4927698
1977301 1977301
4725343 4725343
2119976 2119976
4568022 4568022
2366878 2366878
1824216 1824216
3765580 3765580
3832493 3832493
5476535 5476535
5186582 5186582
2504628 2504628
5003910 5003910
5872343 5872343
4930126 4930126
4387329 4387329
2775680 2775680
5554204 5554204
2924044 2924044
5569133 5569133
4958378 4958378
1196563 1196563
4226053 4226053
3045325 3045325
4763897 4763897
1029266 1029266
4338670 4338670
1777124 1777124
4923500 4923500
4726541 4726541
1690812 1690812
3613760 3613760
3549668 3549668
2540487 2540487
5740945 5740945
4305398 4305398
5521372 5521372
1916176 1916176
3522176 3522176
2676256 2676256
3602456 3602456
2546228 2546228
3617072 3617072
3191139 3191139
1247372 1247372
2283644 2283644
1732748 1732748
5119725 5119725
1554450 1554450
4167138 4167138
1977507 1977507
2104787 2104787
5950425 5950425
1457699 1457699
4120689 4120689
2157913 2157913
4112414 4112414
2356316 2356316
2645156 2645156
5256002 5256002
5181597 5181597
5018584 5018584
4702612 4702612
2824372 2824372
5275236 5275236
5975218 5975218
3533672 3533672
4104238 4104238
1421338 1421338
5698630 5698630
4491092 4491092
1291529 1291529
4863924 4863924
3000531 3000531
5866499 5866499
2434553 2434553
2501175 2501175
4643408 4643408
4512968 4512968
4703832 4703832
4024108 4024108
4699581 4699581
3194250 3194250
4017674 4017674
1699821 1699821
4396840 4396840
5132495 5132495
1161253 1161253
4139603 4139603
4577592 4577592
1655436 1655436
3966160 3966160
2189693 2189693
1423241 1423241
5249869 5249869
1534012 1534012
4995179 4995179
4888065 4888065
4130093 4130093
1529143 1529143
2049571 2049571
2660151 2660151
3603889 3603889
4578110 4578110
2748230 2748230
5907731 5907731
1347567 1347567
2006043 2006043
1852121 1852121
1009182 1009182
4414345 4414345
3476669 3476669
1567673 1567673
1648311 1648311
5285678 5285678
2997999 2997999
3652309 3652309
4770391 4770391
4760150 4760150
3041769 3041769
1570137 1570137
1428933 1428933
2217086 2217086
2825381 2825381
4476549 4476549
2685441 2685441
3630737 3630737
3648882 3648882
1868918 1868918
2943261 2943261
3120634 3120634
1983580 1983580
3347770 3347770
5607510 5607510
3102447 3102447
3823260 3823260
5780466 5780466
1718708 1718708
3091637 3091637
4571624 4571624
1676362 1676362
5832137 5832137
5137784 5137784
1382503 1382503
4484968 4484968
2198387 2198387
4090247 4090247
1850777 1850777
2152953 2152953
5618635 5618635
5971921 5971921
2243576 2243576
1535205 1535205
5512397 5512397
2171440 2171440
5655052 5655052
1313932 1313932
1257739 1257739
2151040 2151040
1080241 1080241
1646821 1646821
1044472 1044472
5295828 5295828
2732184 2732184
1644808 1644808
4767232 4767232
3779765 3779765
4100199 4100199
5103024 5103024
4894073 4894073
4811657 4811657
2768616 2768616
2467889 2467889
2913321 2913321
5838939 5838939
1236409 1236409
3619028 3619028
4023928 4023928
3245177 3245177
5232680 5232680
5307495 5307495
5120821 5120821
4277530 4277530
1265366 1265366
1362139 1362139
2842755 2842755
5954699 5954699
4201378 4201378
5425110 5425110
4891680 4891680
3502083 3502083
5509153 5509153
3846198 3846198
5924218 5924218
4717787 4717787
2420753 2420753
5333369 5333369
3411013 3411013
5869331 5869331
5140929 5140929
2312276 2312276
2097666 2097666
4961683 4961683
4491900 4491900
4451880 4451880
4743388 4743388
3832206 3832206
2814914 2814914
5927719 5927719
2721723 2721723
5598337 5598337
2479802 2479802
1071618 1071618
3570553 3570553
4420679 4420679
2472315 2472315
4225057 4225057
5593926 5593926
5939939 5939939
5131434 5131434
1687493 1687493
2159536 2159536
3794421 3794421
1277440 1277440
2376499 2376499
3169704 3169704
5646663 5646663
3555010 3555010
5219860 5219860
3310175 3310175
5903917 5903917
5466210 5466210
3246168 3246168
1183382 1183382
3175511 3175511
2562115 2562115
1712231 1712231
5714028 5714028
3378161 3378161
3895983 3895983
5345544 5345544
1199807 1199807
1876525 1876525
1573912 1573912
3888740 3888740
1075710 1075710
5135395 5135395
3089216 3089216
1414367 1414367
4806836 4806836
5681577 5681577
5948836 5948836
5463493 5463493
4894519 4894519
4581834 4581834
5080246 5080246
2972429 2972429
5066211 5066211
5307447 5307447
5344098 5344098
4728523 4728523
2616077 2616077
4785508 4785508
2271242 2271242
2844433 2844433
3742480 3742480
2183973 2183973
5542612 5542612
1622210 1622210
4626748 4626748
4114557 4114557
2957724 2957724
1849524 1849524
3897182 3897182
5918153 5918153
3101264 3101264
5758061 5758061
2959130 2959130
2511469 2511469
4653379 4653379
4151229 4151229
5405118 5405118
2565255 2565255
5075169 5075169
1422550 1422550
4715627 4715627
4070309 4070309
2873281 2873281
1221165 1221165
2893255 2893255
3789132 3789132
4417165 4417165
6009342 6009342
1117843 1117843
2337153 2337153
3820717 3820717
3655538 3655538
5082103 5082103
3663133 3663133
2347829 2347829
2728908 2728908
2628807 2628807
5577125 5577125
1058956 1058956
2478594 2478594
3846783 3846783
5369547 5369547
4503885 4503885
3782797 3782797
1491623 1491623
1854943 1854943
2706500 2706500
6001047 6001047
5254591 5254591
1548067 1548067
3370959 3370959
5078030 5078030
1482797 1482797
1818013 1818013
3167409 3167409
5902553 5902553
3154937 3154937
2836295 2836295
1948295 1948295
5711146 5711146
4870577 4870577
4247309 4247309
1016946 1016946
1147812 1147812
1931794 1931794
4332815 4332815
2195051 2195051
4196068 4196068
1924323 1924323
2225567 2225567
1831343 1831343
2949880 2949880
3647559 3647559
3893596 3893596
1318557 1318557
4405662 4405662
1189291 1189291
1322765 1322765
4278850 4278850
1837726 1837726
4177164 4177164
1853014 1853014
1964671 1964671
1466073 1466073
1103871 1103871
3496835 3496835
5976587 5976587
5756131 5756131
2175575 2175575
2767638 2767638
4561712 4561712
4038421 4038421
1592808 1592808
3042247 3042247
4973271 4973271
5256110 5256110
4740931 4740931
2055980 2055980
4076735 4076735
4477079 4477079
5226171 5226171
4207250 4207250
4933989 4933989
2591717 2591717
2262188 2262188
3134926 3134926
4733400 4733400
5247748 5247748
3512349 3512349
1306995 1306995
3006458 3006458
3821494 3821494
2023606 2023606
4810768 4810768
2138483 2138483
2787189 2787189
4844836 4844836
1032120 1032120
1167152 1167152
3861751 3861751
2014960 2014960
4434468 4434468
1675013 1675013
5676240 5676240
4838605 4838605
1723794 1723794
4655900 4655900
3879140 3879140
1470766 1470766
1582132 1582132
1244661 1244661
5218345 5218345
4304959 4304959
2146415 2146415
3456444 3456444
3800814 3800814
2997142 2997142
4534500 4534500
2317536 2317536
3839488 3839488
5539715 5539715
2643985 2643985
2201344 2201344
5558020 5558020
2028854 2028854
2658569 2658569
5063002 5063002
3164775 3164775
1892298 1892298
3768917 3768917
1480641 1480641
2873937 2873937
1968692 1968692
4306280 4306280
4686746 4686746
4170878 4170878
1760048 1760048
2980163 2980163
4073342 4073342
2473574 2473574
4264331 4264331
5742700 5742700
1573601 1573601
3690740 3690740
1585519 1585519
5561644 5561644
1812248 1812248
4622093 4622093
4587559 4587559
5986499 5986499
3622302 3622302
3486541 3486541
4120592 4120592
3958480 3958480
4025274 4025274
3420446 3420446
3759269 3759269
5583497 5583497
3179505 3179505
3488813 3488813
5861046 5861046
1756737 1756737
4329992 4329992
3414651 3414651
4745696 4745696
4578144 4578144
2550047 2550047
3736024 3736024
4732441 4732441
5974892 5974892
2789605 2789605
3936385 3936385
2446489 2446489
4972920 4972920
2425130 2425130
1103411 1103411
2130211 2130211
3130986 3130986
2672076 2672076
6003027 6003027
2983073 2983073
3950638 3950638
2592715 2592715
1890421 1890421
5909747 5909747
1309963 1309963
2070155 2070155
4717414 4717414
5578137 5578137
4952117 4952117
1353981 1353981
3590855 3590855
5507261 5507261
2925920 2925920
5254871 5254871
4363840 4363840
2532911 2532911
1117686 1117686
1059140 1059140
3412167 3412167
1722624 1722624
3798028 3798028
4232298 4232298
4638384 4638384
5490681 5490681
2912387 2912387
2793271 2793271
2849976 2849976
3449697 3449697
3329222 3329222
1667388 1667388
4947586 4947586
3917182 3917182
1462686 1462686
3315512 3315512
3318429 3318429
4591010 4591010
2397985 2397985
2363279 2363279
5899524 5899524
1249446 1249446
4052231 4052231
4212225 4212225
5417271 5417271
5563636 5563636
4192444 4192444
5442254 5442254
3345087 3345087
1289912 1289912
3921525 3921525
5465635 5465635
1412666 1412666
3723743 3723743
1715892 1715892
1881414 1881414
5355907 5355907
4858939 4858939
4539842 4539842
1597710 1597710
3781012 3781012
4284715 4284715
1714229 1714229
5271771 5271771
1146076 1146076
3473136 3473136
5234120 5234120
4431649 4431649
4539863 4539863
4467775 4467775
4685916 4685916
3725139 3725139
2658212 2658212
2942483 2942483
3928420 3928420
3793590 3793590
2540563 2540563
4438171 4438171
2233933 2233933
5515841 5515841
3150079 3150079
2743408 2743408
2794735 2794735
5089236 5089236
4259383 4259383
1749211 1749211
2959213 2959213
1438502 1438502
4750573 4750573
5827403 5827403
2504496 2504496
5276758 5276758
3574666 3574666
1922498 1922498
4998384 4998384
5773022 5773022
4651347 4651347
1542979 1542979
4854658 4854658
1827889 1827889
5490164 5490164
2324528 2324528
2940817 2940817
3738441 3738441
4125536 4125536
3863715 3863715
2141397 2141397
5262391 5262391
1211033 1211033
2677161 2677161
2693839 2693839
1271470 1271470
3845001 3845001
2227876 2227876
4765178 4765178
4342036 4342036
5648150 5648150
1205177 1205177
4234082 4234082
2564929 2564929
1794343 1794343
3474297 3474297
5255422 5255422
4036635 4036635
5007873 5007873
3854362 3854362
4702435 4702435
1988678 1988678
4034089 4034089
1281182 1281182
4240286 4240286
5173510 5173510
1705325 1705325
3179947 3179947
1963889 1963889
5612628 5612628
3078261 3078261
1069719 1069719
1648294 1648294
2071125 2071125
1691637 1691637
3281384 3281384
1410914 1410914
2923510 2923510
1574358 1574358
1235221 1235221
2203764 2203764
5636161 5636161
3615361 3615361
5572072 5572072
3637294 3637294
3316192 3316192
4911881 4911881
3428998 3428998
1568025 1568025
4080167 4080167
4480649 4480649
2775423 2775423
5343074 5343074
1579087 1579087
4489591 4489591
2153589 2153589
1351338 1351338
1645650 1645650
4690199 4690199
1338753 1338753
3091233 3091233
2367884 2367884
2518669 2518669
1632046 1632046
1654885 1654885
2707333 2707333
5410509 5410509
2291494 2291494
2718008 2718008
5841876 5841876
3041515 3041515
3762818 3762818
5665512 5665512
2778755 2778755
5091844 5091844
4109243 4109243
4314515 4314515
5486301 5486301
4244242 4244242
3249004 3249004
1058830 1058830
4652378 4652378
2016936 2016936
4077792 4077792
1452590 1452590
5111024 5111024
2670981 2670981
4406545 4406545
1651539 1651539
2930273 2930273
4136999 4136999
3056043 3056043
4296117 4296117
1370869 1370869
3277687 3277687
2086530 2086530
4557698 4557698
4050774 4050774
1041439 1041439
1690095 1690095
2530364 2530364
4417219 4417219
2913466 2913466
5118475 5118475
2740451 2740451
3225073 3225073
3245927 3245927
4330852 4330852
4604023 4604023
2356791 2356791
1609384 1609384
5905512 5905512
2151917 2151917
5673232 5673232
4210983 4210983
1109560 1109560
1305234 1305234
4433062 4433062
4968497 4968497
5119742 5119742
3457140 3457140
2486962 2486962
1724635 1724635
1674748 1674748
2351119 2351119
4885608 4885608
2519158 2519158
5595891 5595891
2254269 2254269
1928672 1928672
3468688 3468688
5547373 5547373
4336383 4336383
5075925 5075925
5981164 5981164
1491360 1491360
3922711 3922711
1685009 1685009
2321140 2321140
4558323 4558323
4766172 4766172
4777548 4777548
1512863 1512863
4277564 4277564
3350107 3350107
1207936 1207936
4861616 4861616
5261025 5261025
1633240 1633240
5807689 5807689
1015829 1015829
5040317 5040317
1906677 1906677
4549230 4549230
3778756 3778756
3443962 3443962
2314933 2314933
1753845 1753845
3664307 3664307
3159372 3159372
3303160 3303160
2889724 2889724
1362819 1362819
1665519 1665519
1458109 1458109
2991544 2991544
1580196 1580196
1280950 1280950
5485932 5485932
3112449 3112449
4002266 4002266
5157484 5157484
1092933 1092933
1748073 1748073
2446257 2446257
1693040 1693040
2389775 2389775
2558396 2558396
4752079 4752079
3796127 3796127
4453717 4453717
3485797 3485797
4057157 4057157
4863972 4863972
2460034 2460034
5080457 5080457
5101498 5101498
4578721 4578721
2245260 2245260
1774045 1774045
3110747 3110747
6021341 6021341
3112427 3112427
1821725 1821725
3763385 3763385
1386111 1386111
5460284 5460284
4340051 4340051
3747269 3747269
5161726 5161726
4447875 4447875
1759299 1759299
2120722 2120722
2754122 2754122
2484690 2484690
3114598 3114598
1767775 1767775
3156758 3156758
2161666 2161666
1237893 1237893
3903032 3903032
4518228 4518228
5143058 5143058
2168453 2168453
4507113 4507113
5029457 5029457
2197418 2197418
2874176 2874176
1350841 1350841
3218543 3218543
4851999 4851999
4958456 4958456
2164904 2164904
1537405 1537405
1017878 1017878
4244577 4244577
3490910 3490910
4752136 4752136
1989348 1989348
5952595 5952595
4055932 4055932
4672915 4672915
5547327 5547327
5974958 5974958
4910745 4910745
5696503 5696503
3585174 3585174
5129753 5129753
3919350 3919350
1595138 1595138
4141086 4141086
3770503 3770503
2326438 2326438
2489220 2489220
1341084 1341084
5110170 5110170
2104316 2104316
1949947 1949947
2892901 2892901
3711034 3711034
5194217 5194217
5623069 5623069
4576214 4576214
1439181 1439181
5155888 5155888
1468587 1468587
2384144 2384144
5260756 5260756
2355415 2355415
1837431 1837431
2059331 2059331
4434543 4434543
2603001 2603001
5496924 5496924
2425663 2425663
1062409 1062409
5392703 5392703
4819014 4819014
1336723 1336723
4703584 4703584
4115933 4115933
2753933 2753933
3278503 3278503
2717379 2717379
1250868 1250868
4362611 4362611
1201510 1201510
5726476 5726476
3118838 3118838
4248341 4248341
3983113 3983113
1441899 1441899
4965975 4965975
3757465 3757465
1883210 1883210
4145996 4145996
1219510 1219510
4376239 4376239
3805654 3805654
2603876 2603876
3558811 3558811
1313317 1313317
3860640 3860640
4047261 4047261
2234928 2234928
4546502 4546502
4467515 4467515
2994408 2994408
3508441 3508441
4086529 4086529
4172057 4172057
1581026 1581026
5297109 5297109
2173291 2173291
5378423 5378423
1241202 1241202
5655261 5655261
1097631 1097631
2165314 2165314
2463433 2463433
2743201 2743201
2038441 2038441
4944991 4944991
5368190 5368190
5962091 5962091
1266505 1266505
2421435 2421435
5550992 5550992
1364565 1364565
4208681 4208681
2424761 2424761
1119814 1119814
4654178 4654178
2056554 2056554
5654112 5654112
3840223 3840223
5824646 5824646
4736056 4736056
2031548 2031548
4845275 4845275
2900105 2900105
2783307 2783307
1556992 1556992
4751793 4751793
3284367 3284367
4705653 4705653
3265810 3265810
3953108 3953108
3575005 3575005
5111908 5111908
3291746 3291746
1284535 1284535
1499794 1499794
2152225 2152225
1871660 1871660
1699686 1699686
2256078 2256078
1871275 1871275
5671368 5671368
5766479 5766479
5420496 5420496
3109062 3109062
1185818 1185818
3700042 3700042
1550716 1550716
5847803 5847803
2333632 2333632
4823964 4823964
3111762 3111762
5543607 5543607
4223628 4223628
1063744 1063744
2974457 2974457
5857392 5857392
1469384 1469384
5425812 5425812
1534426 1534426
2218130 2218130
2563969 2563969
4467492 4467492
5481357 5481357
2837280 2837280
5708819 5708819
4075019 4075019
5964210 5964210
2067373 2067373
2534148 2534148
5204716 5204716
4380078 4380078
1440200 1440200
2856291 2856291
1342211 1342211
3537745 3537745
1796985 1796985
4310555 4310555
4093804 4093804
4858026 4858026
1582103 1582103
2740430 2740430
3986778 3986778
4003860 4003860
5466340 5466340
2158379 2158379
1859181 1859181
2394372 2394372
4825229 4825229
3807079 3807079
2248123 2248123
2219545 2219545
2398589 2398589
2545052 2545052
2526409 2526409
3664180 3664180
1100974 1100974
3809578 3809578
4035045 4035045
2632242 2632242
1117747 1117747
1094521 1094521
4012136 4012136
1383028 1383028
3139046 3139046
2120915 2120915
5630540 5630540
4470481 4470481
5477414 5477414
4038971 4038971
2115035 2115035
5813728 5813728
3087720 3087720
3356112 3356112
5243188 5243188
4162811 4162811
4106278 4106278
3414818 3414818
2784707 2784707
2404938 2404938
3190559 3190559
1242515 1242515
5981533 5981533
1262875 1262875
4026568 4026568
3233087 3233087
2863154 2863154
2994130 2994130
1207576 1207576
2243240 2243240
2132461 2132461
5659682 5659682
5540506 5540506
2132391 2132391
4999989 4999989
2233573 2233573
4706380 4706380
3166170 3166170
3487886 3487886
1791227 1791227
4801273 4801273
2839848 2839848
3256312 3256312
3816541 3816541
3620132 3620132
1045666 1045666
3072211 3072211
1282174 1282174
2592847 2592847
6017325 6017325
3242717 3242717
5986963 5986963
2703486 2703486
4445229 4445229
4865451 4865451
2994988 2994988
2578476 2578476
2256642 2256642
5049360 5049360
5107772 5107772
5844478 5844478
3972327 3972327
5917686 5917686
3584460 3584460
3836403 3836403
5225949 5225949
1220683 1220683
5589257 5589257
3185786 3185786
5346702 5346702
5526947 5526947
2983098 2983098
4292843 4292843
1225187 1225187
5477874 5477874
3204800 3204800
1133028 1133028
1490686 1490686
2718843 2718843
3773216 3773216
5712046 5712046
1705286 1705286
2344283 2344283
5875790 5875790
5347790 5347790
4896698 4896698
5869527 5869527
1933631 1933631
4857919 4857919
3461320 3461320
4157322 4157322
1208182 1208182
2442216 2442216
1268067 1268067
3972256 3972256
5108119 5108119
4711571 4711571
1797332 1797332
2451543 2451543
5921488 5921488
4945313 4945313
5995111 5995111
1243167 1243167
2142617 2142617
1634856 1634856
2388148 2388148
2480671 2480671
5925503 5925503
1102951 1102951
1788118 1788118
5780470 5780470
5667620 5667620
4607196 4607196
5631392 5631392
1236558 1236558
4356908 4356908
1805778 1805778
4052999 4052999
3653290 3653290
4808995 4808995
3260859 3260859
4824053 4824053
5301660 5301660
1770050 1770050
2968555 2968555
2359277 2359277
5616028 5616028
1122442 1122442
3751607 3751607
2815118 2815118
1156713 1156713
1934429 1934429
2395729 2395729
4406839 4406839
4232662 4232662
5495677 5495677
2723583 2723583
2022398 2022398
1487569 1487569
4757663 4757663
5521581 5521581
4406664 4406664
3796224 3796224
5544309 5544309
5529480 5529480
5343968 5343968
3194399 3194399
2386372 2386372
4136344 4136344
1506045 1506045
4953557 4953557
3906963 3906963
4645969 4645969
5592404 5592404
3627301 3627301
3848582 3848582
4119534 4119534
1386233 1386233
2477831 2477831
4164711 4164711
2258045 2258045
4155994 4155994
1836237 1836237
4489434 4489434
4645317 4645317
3777352 3777352
5705001 5705001
4656053 4656053
5011425 5011425
1343372 1343372
5194529 5194529
4698010 4698010
5649325 5649325
2983204 2983204
4488371 4488371
2448623 2448623
5338290 5338290
2988648 2988648
4285240 4285240
3647466 3647466
4269833 4269833
5582699 5582699
2923180 2923180
2700953 2700953
5068676 5068676
5389572 5389572
5764970 5764970
3867064 3867064
1390949 1390949
1889067 1889067
1380920 1380920
5371282 5371282
5650542 5650542
4134324 4134324
2416830 2416830
2028800 2028800
5716056 5716056
2411396 2411396
4083111 4083111
4225390 4225390
2767832 2767832
1238082 1238082
3277263 3277263
1095760 1095760
1079197 1079197
3254836 3254836
1720743 1720743
4745591 4745591
5653169 5653169
5245146 5245146
4593402 4593402
4970922 4970922
4942480 4942480
4498878 4498878
4125786 4125786
3311798 3311798
1418311 1418311
5735999 5735999
5681048 5681048
4023563 4023563
3643316 3643316
4757957 4757957
5509025 5509025
4899364 4899364
1356689 1356689
2948590 2948590
3775035 3775035
3703613 3703613
1371347 1371347
2644031 2644031
3631326 3631326
2124172 2124172
4851759 4851759
3996838 3996838
3590075 3590075
5787366 5787366
3509955 3509955
4485305 4485305
2029021 2029021
4604503 4604503
1055497 1055497
1233188 1233188
2127246 2127246
2177661 2177661
2355728 2355728
1623096 1623096
3438115 3438115
5857822 5857822
5392594 5392594
4158414 4158414
5149634 5149634
2896161 2896161
3589861 3589861
3139869 3139869
3014476 3014476
1150865 1150865
2190819 2190819
3350651 3350651
2928674 2928674
4103176 4103176
3253136 3253136
5938475 5938475
3230001 3230001
1346858 1346858
1446006 1446006
1575963 1575963
2244508 2244508
3322400 3322400
5848189 5848189
2719502 2719502
3473753 3473753
3619508 3619508
2899431 2899431
5283804 5283804
3437119 3437119
1719890 1719890
5898404 5898404
3411809 3411809
4644704 4644704
2454240 2454240
4795660 4795660
5251875 5251875
4626846 4626846
2590007 2590007
1909255 1909255
3126077 3126077
1131897 1131897
4836961 4836961
1151189 1151189
5565589 5565589
5154956 5154956
1355775 1355775
4655729 4655729
4492687 4492687
2497853 2497853
2661787 2661787
3583382 3583382
2379357 2379357
4188913 4188913
4041408 4041408
2196685 2196685
4823440 4823440
5682770 5682770
2578023 2578023
4661495 4661495
2104680 2104680
2561008 2561008
5514354 5514354
4825657 4825657
4443744 4443744
5875370 5875370
2880242 2880242
2118195 2118195
4943883 4943883
2722061 2722061
1876731 1876731
4895273 4895273
4750893 4750893
5071603 5071603
1734675 1734675
4806234 4806234
4467601 4467601
3555171 3555171
1464925 1464925
2818314 2818314
2040009 2040009
1939727 1939727
5855221 5855221
4947505 4947505
5721297 5721297
5783226 5783226
2037348 2037348
3771795 3771795
4877465 4877465
1831887 1831887
1508514 1508514
5286462 5286462
5634360 5634360
2295698 2295698
4886487 4886487
4426290 4426290
3530893 3530893
2106194 2106194
2669982 2669982
2415461 2415461
4416262 4416262
4055666 4055666
5818816 5818816
3609828 3609828
4592059 4592059
4265521 4265521
4081174 4081174
3137090 3137090
5409233 5409233
1649828 1649828
2775973 2775973
2169759 2169759
5859760 5859760
3950858 3950858
2239596 2239596
2912649 2912649
1875944 1875944
2930180 2930180
4436570 4436570
5224482 5224482
4459272 4459272
5631846 5631846
2435297 2435297
4708497 4708497
4117616 4117616
2762526 2762526
4610009 4610009
1779554 1779554
1164232 1164232
5144065 5144065
4424498 4424498
1794280 1794280
3133941 3133941
1912381 1912381
2629092 2629092
3009927 3009927
3842211 3842211
5527696 5527696
5131978 5131978
1226145 1226145
5416642 5416642
4140346 4140346
4754015 4754015
4816078 4816078
5756402 5756402
2132821 2132821
2604490 2604490
5756521 5756521
3699580 3699580
4346635 4346635
3922516 3922516
5208458 5208458
2104479 2104479
4252093 4252093
1129632 1129632
4601248 4601248
5538601 5538601
3214293 3214293
2770491 2770491
3642172 3642172
4464639 4464639
3501216 3501216
3322716 3322716
3147909 3147909
4188768 4188768
1173013 1173013
1372317 1372317
1495504 1495504
4833722 4833722
1324643 1324643
2531236 2531236
4172532 4172532
1558529 1558529
3403055 3403055
1713914 1713914
2343575 2343575
1252586 1252586
2227550 2227550
3691978 3691978
2721779 2721779
1985130 1985130
1628449 1628449
5465234 5465234
3235493 3235493
5511498 5511498
1974904 1974904
5530664 5530664
4887364 4887364
4189201 4189201
1727135 1727135
5676310 5676310
3712456 3712456
2931070 2931070
2942445 2942445
5855005 5855005
4490815 4490815
5799366 5799366
3727716 3727716
5925445 5925445
2921712 2921712
3244186 3244186
2087993 2087993
1132989 1132989
4645077 4645077
1029688 1029688
2254628 2254628
5214073 5214073
5301889 5301889
4202769 4202769
4149963 4149963
3626970 3626970
1066419 1066419
4872556 4872556
1242423 1242423
5233031 5233031
4221045 4221045
3803029 3803029
4620085 4620085
5148892 5148892
4475719 4475719
5703122 5703122
1601564 1601564
1988058 1988058
3265173 3265173
3876716 3876716
1560403 1560403
1589255 1589255
1914936 1914936
4638856 4638856
3441844 3441844
5196365 5196365
4317782 4317782
4698102 4698102
5115352 5115352
2470913 2470913
2888501 2888501
4337254 4337254
2755307 2755307
5805954 5805954
4509071 4509071
4479413 4479413
4158083 4158083
4073833 4073833
1963331 1963331
3242809 3242809
3612214 3612214
4826536 4826536
3149651 3149651
2785822 2785822
4956110 4956110
5048459 5048459
5314434 5314434
5932180 5932180
4968650 4968650
5093026 5093026
2888670 2888670
3867218 3867218
5272203 5272203
1205457 1205457
1911577 1911577
2354761 2354761
5746171 5746171
4960252 4960252
5640257 5640257
3015576 3015576
3222397 3222397
2662393 2662393
2613368 2613368
3504678 3504678
5682868 5682868
3136569 3136569
5619355 5619355
1691712 1691712
5625461 5625461
5532774 5532774
3602786 3602786
2054677 2054677
5783182 5783182
1158543 1158543
2138510 2138510
5222312 5222312
5506397 5506397
4829693 4829693
3386092 3386092
2173090 2173090
2112971 2112971
2140344 2140344
5404078 5404078
2832411 2832411
5709715 5709715
1811161 1811161
3692351 3692351
1237780 1237780
2782842 2782842
2943964 2943964
2664161 2664161
4209214 4209214
4614786 4614786
5746451 5746451
4929474 4929474
2779524 2779524
4573817 4573817
3166767 3166767
5839671 5839671
1608715 1608715
2908942 2908942
2733051 2733051
4442935 4442935
5301365 5301365
5709643 5709643
3636508 3636508
2387562 2387562
5683973 5683973
2521985 2521985
5908887 5908887
3771862 3771862
5485567 5485567
4916509 4916509
2704014 2704014
3530598 3530598
4702279 4702279
4234369 4234369
4040897 4040897
5423196 5423196
3089134 3089134
4807630 4807630
4559580 4559580
1474192 1474192
2791265 2791265
2203202 2203202
2678151 2678151
3695217 3695217
2333351 2333351
1431865 1431865
2835360 2835360
2276233 2276233
3450654 3450654
2491903 2491903
3982874 3982874
1724252 1724252
3402282 3402282
1997199 1997199
3431737 3431737
2766637 2766637
5802892 5802892
5607935 5607935
2087199 2087199
3132191 3132191
3875014 3875014
1719261 1719261
2563730 2563730
5812913 5812913
4261919 4261919
5499072 5499072
1365724 1365724
5217353 5217353
3394741 3394741
1298047 1298047
3498550 3498550
5191296 5191296
5673291 5673291
1909957 1909957
2389582 2389582
1828673 1828673
1987830 1987830
4242306 4242306
3021583 3021583
3815783 3815783
3158260 3158260
4539758 4539758
2016560 2016560
1664823 1664823
2671300 2671300
1881162 1881162
2036256 2036256
3258595 3258595
1306933 1306933
4720079 4720079
3847555 3847555
5199743 5199743
4739033 4739033
4400466 4400466
4843900 4843900
3234900 3234900
3359954 3359954
3093794 3093794
5751806 5751806
1735797 1735797
3870642 3870642
4103641 4103641
4808683 4808683
5926358 5926358
1908768 1908768
3910905 3910905
2862044 2862044
5964137 5964137
4049443 4049443
5371084 5371084
5042362 5042362
4561958 4561958
5096401 5096401
3001920 3001920
5808110 5808110
3353367 3353367
1378785 1378785
2524926 2524926
3371644 3371644
2613289 2613289
2421651 2421651
1459947 1459947
4521988 4521988
5015697 5015697
1828747 1828747
5236845 5236845
1560779 1560779
1768879 1768879
3026289 3026289
2910412 2910412
2890763 2890763
5778101 5778101
5573144 5573144
5343226 5343226
5015388 5015388
5247920 5247920
4468247 4468247
1777993 1777993
2743783 2743783
5870043 5870043
4871339 4871339
4126154 4126154
2580595 2580595
5624460 5624460
4344280 4344280
5888395 5888395
1390537 1390537
2689620 2689620
1762542 1762542
1502724 1502724
2915751 2915751
3311888 3311888
1392126 1392126
3357050 3357050
4113409 4113409
1712223 1712223
4866586 4866586
2909789 2909789
4697777 4697777
1330943 1330943
5130458 5130458
5046166 5046166
4583045 4583045
2701906 2701906
5411084 5411084
3439220 3439220
2062597 2062597
3092302 3092302
5013871 5013871
5571445 5571445
5719334 5719334
4899596 4899596
5732250 5732250
6021245 6021245
4332117 4332117
4053318 4053318
1064698 1064698
5475265 5475265
1120547 1120547
3915911 3915911
4445849 4445849
4030239 4030239
4137260 4137260
5868284 5868284
5341680 5341680
1254596 1254596
1976036 1976036
5531546 5531546
3287985 3287985
4513111 4513111
1917992 1917992
3461150 3461150
5021306 5021306
3953025 3953025
3534843 3534843
3162520 3162520
4409585 4409585
4515533 4515533
2564539 2564539
5439832 5439832
1225328 1225328
3617373 3617373
1546724 1546724
3041177 3041177
2606989 2606989
4097101 4097101
1757527 1757527
4971288 4971288
4691008 4691008
2519606 2519606
4042706 4042706
3090554 3090554
5784647 5784647
1109454 1109454
3595548 3595548
5345708 5345708
3065491 3065491
1605425 1605425
1119004 1119004
2181915 2181915
4781544 4781544
4136771 4136771
1555242 1555242
2261483 2261483
1457097 1457097
3857125 3857125
5506561 5506561
3428775 3428775
3205386 3205386
5203863 5203863
1309328 1309328
2428943 2428943
1203068 1203068
1121973 1121973
5824600 5824600
3694164 3694164
1927259 1927259
1740038 1740038
1920288 1920288
3410854 3410854
3847857 3847857
1878737 1878737
2662463 2662463
4835086 4835086
1909304 1909304
4119720 4119720
5917454 5917454
4029065 4029065
5781492 5781492
3662250 3662250
2514302 2514302
4581793 4581793
5186139 5186139
4174967 4174967
1322659 1322659
3985573 3985573
4929062 4929062
4970753 4970753
5389456 5389456
4917592 4917592
5619556 5619556
5243495 5243495
3958095 3958095
5243778 5243778
3355521 3355521
1322178 1322178
4190099 4190099
3378983 3378983
5770962 5770962
2448020 2448020
3975672 3975672
4269650 4269650
1929639 1929639
1196218 1196218
4384909 4384909
4399635 4399635
2303500 2303500
1705643 1705643
4064086 4064086
5820554 5820554
2689403 2689403
1171588 1171588
6009460 6009460
2145658 2145658
4098550 4098550
1152362 1152362
3851737 3851737
1331306 1331306
3431445 3431445
2159730 2159730
1783945 1783945
1411143 1411143
2293102 2293102
4803827 4803827
2162457 2162457
4117250 4117250
4370899 4370899
2189449 2189449
2894974 2894974
3453728 3453728
3790125 3790125
4288926 4288926
4877949 4877949
2246549 2246549
2878747 2878747
2615328 2615328
5866215 5866215
4188583 4188583
3960530 3960530
4238135 4238135
4625565 4625565
2273648 2273648
4681580 4681580
2399131 2399131
1398435 1398435
4393636 4393636
3578913 3578913
1221809 1221809
1349639 1349639
4234231 4234231
1755444 1755444
5597311 5597311
1888110 1888110
5930767 5930767
5418414 5418414
1250993 1250993
3601874 3601874
2403343 2403343
3428384 3428384
3593734 3593734
2478726 2478726
2303436 2303436
2396190 2396190
1868405 1868405
2138978 2138978
2942057 2942057
1974506 1974506
2438001 2438001
3776395 3776395
4157548 4157548
4149593 4149593
1934362 1934362
5638155 5638155
5241540 5241540
4486957 4486957
3812800 3812800
4794678 4794678
2684504 2684504
5456973 5456973
3833940 3833940
5743535 5743535
2394399 2394399
5967567 5967567
3873933 3873933
5116823 5116823
4511843 4511843
1929205 1929205
4173479 4173479
5715308 5715308
1183588 1183588
4260630 4260630
2431005 2431005
3150868 3150868
3687354 3687354
3104304 3104304
1724855 1724855
4397965 4397965
5919160 5919160
2349190 2349190
5190513 5190513
5867320 5867320
5987440 5987440
1942030 1942030
4195716 4195716
5126304 5126304
4438228 4438228
2767164 2767164
2457656 2457656
4588348 4588348
4797684 4797684
5011806 5011806
1609570 1609570
1354957 1354957
1201031 1201031
2253952 2253952
1670896 1670896
4940302 4940302
5365525 5365525
3785211 3785211
4147411 4147411
3680651 3680651
5826242 5826242
3808562 3808562
5884512 5884512
2045491 2045491
2575670 2575670
3657194 3657194
3856962 3856962
3269829 3269829
1689021 1689021
4365130 4365130
1175403 1175403
1050607 1050607
5299591 5299591
5351966 5351966
2253894 2253894
2191790 2191790
3946602 3946602
4965361 4965361
5773734 5773734
3765393 3765393
1627397 1627397
4813403 4813403
3856087 3856087
3594777 3594777
5466713 5466713
3037782 3037782
3688973 3688973
4240199 4240199
4268104 4268104
3596590 3596590
3531386 3531386
2479741 2479741
1677599 1677599
1176065 1176065
5634942 5634942
5923573 5923573
2989696 2989696
5210151 5210151
2240096 2240096
4776061 4776061
5190749 5190749
5976212 5976212
5999825 5999825
1744967 1744967
2998861 2998861
4582900 4582900
3045510 3045510
2368970 2368970
3598989 3598989
4082660 4082660
4685340 4685340
1618727 1618727
4659845 4659845
4123797 4123797
1781907 1781907
2983866 2983866
4353088 4353088
3421990 3421990
1502108 1502108
3245333 3245333
1091511 1091511
4391845 4391845
1637079 1637079
5168623 5168623
1087714 1087714
5632733 5632733
2911056 2911056
2493249 2493249
2766062 2766062
3042670 3042670
5205718 5205718
3046231 3046231
2822039 2822039
4998998 4998998
2044419 2044419
4309342 4309342
4043297 4043297
4061121 4061121
4885043 4885043
2765956 2765956
2362832 2362832
3153764 3153764
4716208 4716208
5259042 5259042
3345514 3345514
3960182 3960182
4331875 4331875
3078196 3078196
1883984 1883984
4769711 4769711
2732370 2732370
2747550 2747550
5910051 5910051
1226378 1226378
3594886 3594886
2625754 2625754
2527244 2527244
4640950 4640950
4443368 4443368
3185111 3185111
5054893 5054893
5240927 5240927
3099560 3099560
1319909 1319909
4108260 4108260
3661760 3661760
4014901 4014901
1250922 1250922
6011563 6011563
1727808 1727808
1282119 1282119
1917362 1917362
3800975 3800975
5121144 5121144
5819825 5819825
2779062 2779062
3504880 3504880
1330855 1330855
5941664 5941664
2251721 2251721
3857720 3857720
4881306 4881306
3256504 3256504
5644527 5644527
4833459 4833459
1633344 1633344
2040431 2040431
5101617 5101617
3217575 3217575
5434751 5434751
1906558 1906558
2497049 2497049
4211381 4211381
1991367 1991367
2269926 2269926
2646796 2646796
1749486 1749486
5318134 5318134
3797567 3797567
3079993 3079993
4360639 4360639
5206085 5206085
2506711 2506711
4314881 4314881
4885764 4885764
1433662 1433662
3985893 3985893
2273196 2273196
5024071 5024071
5284076 5284076
4097618 4097618
5058246 5058246
2432810 2432810
5713163 5713163
1484594 1484594
5239768 5239768
4470474 4470474
1534620 1534620
4339074 4339074
1660384 1660384
3541070 3541070
2325360 2325360
5632400 5632400
3370683 3370683
5789080 5789080
1159376 1159376
1356449 1356449
3160501 3160501
4900108 4900108
4141870 4141870
3295606 3295606
4577159 4577159
4813829 4813829
4258658 4258658
3367029 3367029
1690309 1690309
5902508 5902508
2154339 2154339
2582354 2582354
2673172 2673172
1158013 1158013
2722760 2722760
5313514 5313514
3058296 3058296
3849868 3849868
5561495 5561495
5042923 5042923
1483936 1483936
1963038 1963038
3317671 3317671
3567608 3567608
3885796 3885796
4448519 4448519
1001891 1001891
1100103 1100103
2999944 2999944
4839280 4839280
5815233 5815233
1237697 1237697
2113932 2113932
5677756 5677756
4692244 4692244
1660601 1660601
2227539 2227539
3836723 3836723
3636951 3636951
5102215 5102215
3691460 3691460
5626126 5626126
3894888 3894888
1051320 1051320
1876659 1876659
1252226 1252226
2493014 2493014
1059860 1059860
5897885 5897885
5944242 5944242
1434693 1434693
2631136 2631136
4730378 4730378
4148717 4148717
1441133 1441133
5766261 5766261
4888040 4888040
1336064 1336064
2719728 2719728
2757725 2757725
1688108 1688108
4847285 4847285
1036470 1036470
2055107 2055107
4447429 4447429
3202880 3202880
3328591 3328591
3084810 3084810
1178936 1178936
2628162 2628162
1581353 1581353
3228552 3228552
2173984 2173984
1856099 1856099
4862339 4862339
2477857 2477857
4769940 4769940
4771208 4771208
4159476 4159476
1035504 1035504
1440104 1440104
5029624 5029624
1773391 1773391
4771614 4771614
1598160 1598160
1058020 1058020
1983670 1983670
2624232 2624232
4785261 4785261
5665090 5665090
3455892 3455892
3790583 3790583
1608677 1608677
5702855 5702855
1518656 1518656
4943562 4943562
1984123 1984123
5433539 5433539
3570537 3570537
1620079 1620079
4271781 4271781
1535544 1535544
2101976 2101976
4358164 4358164
2663392 2663392
3035848 3035848
4379964 4379964
2691714 2691714
3214951 3214951
2018919 2018919
2227207 2227207
2079507 2079507
5007253 5007253
1584050 1584050
5465003 5465003
5598430 5598430
1248745 1248745
3262933 3262933
4184039 4184039
5370795 5370795
1353309 1353309
1857581 1857581
1533496 1533496
4646336 4646336
5838315 5838315
5194246 5194246
1073352 1073352
3049970 3049970
5378973 5378973
3731216 3731216
3869265 3869265
3843221 3843221
1967689 1967689
1709585 1709585
3727053 3727053
4476530 4476530
1742065 1742065
4453281 4453281
5873999 5873999
2531957 2531957
4690014 4690014
5795721 5795721
3193755 3193755
6022270 6022270
5278872 5278872
1526581 1526581
3409869 3409869
4497142 4497142
1360047 1360047
2745085 2745085
3602958 3602958
3048047 3048047
2566076 2566076
4417072 4417072
1011617 1011617
5609554 5609554
3412587 3412587
2249942 2249942
4127001 4127001
3529013 3529013
1455955 1455955
4182328 4182328
4759245 4759245
5782233 5782233
2329693 2329693
3176215 3176215
1097535 1097535
5275875 5275875
3284928 3284928
2528720 2528720
5400487 5400487
3278040 3278040
4138830 4138830
4016501 4016501
3715031 3715031
5965140 5965140
5965717 5965717
1886980 1886980
5212463 5212463
2201818 2201818
1911123 1911123
4638371 4638371
5174405 5174405
5531345 5531345
4294397 4294397
1954345 1954345
5616874 5616874
5658724 5658724
4298298 4298298
3603512 3603512
4831880 4831880
5465297 5465297
3124630 3124630
1353631 1353631
3621004 3621004
3106996 3106996
5244378 5244378
5750334 5750334
3514547 3514547
4931823 4931823
1909173 1909173
2455068 2455068
2118719 2118719
4485915 4485915
3693397 3693397
3494710 3494710
1212058 1212058
3593826 3593826
5541306 5541306
1146162 1146162
5862740 5862740
3650515 3650515
2027070 2027070
1691346 1691346
5934303 5934303
1678881 1678881
1179453 1179453
2914657 2914657
1193681 1193681
1167615 1167615
4621285 4621285
3853499 3853499
5389018 5389018
1922315 1922315
2734275 2734275
2036941 2036941
1405187 1405187
5248417 5248417
5250165 5250165
3193512 3193512
4337440 4337440
3563740 3563740
1028746 1028746
4602960 4602960
2467697 2467697
4148994 4148994
4512959 4512959
5711348 5711348
4973284 4973284
2499240 2499240
5010424 5010424
2477109 2477109
4335511 4335511
5701253 5701253
2609046 2609046
1391171 1391171
1961479 1961479
5061476 5061476
2448517 2448517
5211235 5211235
2419780 2419780
3841095 3841095
3929886 3929886
1417102 1417102
2565236 2565236
5143557 5143557
1933606 1933606
5202591 5202591
5314816 5314816
3302439 3302439
5738548 5738548
3319435 3319435
1423517 1423517
5973416 5973416
4349580 4349580
1684236 1684236
5424142 5424142
2349924 2349924
5075864 5075864
4594062 4594062
1293573 1293573
3610473 3610473
5647615 5647615
2660186 2660186
1738228 1738228
2388136 2388136
4310128 4310128
2024584 2024584
2382029 2382029
1679782 1679782
4002397 4002397
4455372 4455372
5573480 5573480
5500048 5500048
1187143 1187143
5001759 5001759
3628339 3628339
1304431 1304431
2066301 2066301
1925811 1925811
3018513 3018513
2903971 2903971
3221276 3221276
1605991 1605991
4575650 4575650
5317359 5317359
4851387 4851387
5959448 5959448
4015191 4015191
1319815 1319815
1314312 1314312
5312647 5312647
3076213 3076213
1692395 1692395
3757912 3757912
2461661 2461661
1503580 1503580
1414945 1414945
2987335 2987335
4555912 4555912
1105652 1105652
2971154 2971154
1154775 1154775
5761795 5761795
1626222 1626222
5294505 5294505
3763979 3763979
1723993 1723993
5213115 5213115
1682883 1682883
1901044 1901044
6020479 6020479
3941573 3941573
5615979 5615979
3217618 3217618
1829709 1829709
5333240 5333240
5714744 5714744
1827817 1827817
4171970 4171970
1223825 1223825
4574161 4574161
2194749 2194749
3750518 3750518
1704348 1704348
2403965 2403965
2697079 2697079
5907380 5907380
3033454 3033454
5347678 5347678
4303100 4303100
1590754 1590754
1743395 1743395
3121852 3121852
4343981 4343981
4807818 4807818
2626533 2626533
1494611 1494611
4266255 4266255
2501169 2501169
3304364 3304364
5661463 5661463
1693946 1693946
1628880 1628880
5545268 5545268
1144495 1144495
5731248 5731248
1677176 1677176
2746073 2746073
5226763 5226763
3351606 3351606
4136896 4136896
4005367 4005367
3369879 3369879
2841913 2841913
5406855 5406855
4495009 4495009
5146436 5146436
4689747 4689747
3512330 3512330
3695121 3695121
5935631 5935631
1565011 1565011
2867641 2867641
3037273 3037273
5638113 5638113
1425838 1425838
4939509 4939509
3714815 3714815
2776234 2776234
3945865 3945865
5397324 5397324
5452748 5452748
3471975 3471975
4528892 4528892
5704512 5704512
5200748 5200748
3488763 3488763
2825978 2825978
4245130 4245130
4815970 4815970
4833669 4833669
2974890 2974890
4773012 4773012
4646154 4646154
5395443 5395443
1870719 1870719
1817766 1817766
2005309 2005309
5577649 5577649
5225293 5225293
3790597 3790597
3300101 3300101
3769570 3769570
2372581 2372581
1911001 1911001
1209910 1209910
3120450 3120450
3723169 3723169
4828030 4828030
3396071 3396071
2062552 2062552
4722736 4722736
2414917 2414917
1825100 1825100
1295014 1295014
3596122 3596122
1248299 1248299
1187775 1187775
4087522 4087522
5991628 5991628
3928675 3928675
4772790 4772790
5927763 5927763
5293909 5293909
1505494 1505494
1725920 1725920
5904449 5904449
2895233 2895233
3588987 3588987
5375577 5375577
5627457 5627457
3741430 3741430
1294723 1294723
1774838 1774838
3489616 3489616
1302656 1302656
5333913 5333913
3866754 3866754
4310039 4310039
1775646 1775646
4575040 4575040
4475228 4475228
2919927 2919927
4390971 4390971
4477286 4477286
1434297 1434297
5290400 5290400
1555550 1555550
3443464 3443464
2778331 2778331
5352356 5352356
6008488 6008488
3600992 3600992
3948363 3948363
5390665 5390665
1925495 1925495
4651222 4651222
5021357 5021357
2705955 2705955
3689917 3689917
5850890 5850890
1034835 1034835
1582721 1582721
4334729 4334729
4813100 4813100
5266894 5266894
4915445 4915445
1811135 1811135
4273157 4273157
5356295 5356295
2868726 2868726
2893988 2893988
1684035 1684035
5717199 5717199
3639100 3639100
1525653 1525653
1913118 1913118
2734652 2734652
3489086 3489086
5507927 5507927
1951697 1951697
5363468 5363468
3576113 3576113
1891687 1891687
1410054 1410054
3044757 3044757
2915892 2915892
1395285 1395285
4583787 4583787
1159750 1159750
3145634 3145634
4645295 4645295
5155991 5155991
2231028 2231028
5280043 5280043
3675329 3675329
3458662 3458662
2704167 2704167
3273931 3273931
2415583 2415583
2577722 2577722
5949983 5949983
5734079 5734079
4597323 4597323
3213771 3213771
2758851 2758851
3466877 3466877
5534549 5534549
4154129 4154129
4286467 4286467
4421641 4421641
5951027 5951027
3502289 3502289
2468493 2468493
3571451 3571451
2181811 2181811
5112136 5112136
4340542 4340542
4737374 4737374
2038267 2038267
5436729 5436729
3184606 3184606
5289047 5289047
5250471 5250471
1536955 1536955
3458155 3458155
1191404 1191404
4779532 4779532
3170596 3170596
4224945 4224945
5151323 5151323
3195363 3195363
4587236 4587236
2571713 2571713
5549710 5549710
5513897 5513897
3621085 3621085
5692215 5692215
2202878 2202878
3272877 3272877
3003520 3003520
2955714 2955714
5481090 5481090
5316480 5316480
1116147 1116147
2439169 2439169
3677445 3677445
2566819 2566819
4249122 4249122
2689668 2689668
4587105 4587105
1426026 1426026
3107936 3107936
3892561 3892561
5183840 5183840
4487666 4487666
3174006 3174006
2640099 2640099
2256923 2256923
5110697 5110697
4143862 4143862
1124574 1124574
2892630 2892630
3385064 3385064
4089706 4089706
2726392 2726392
4229845 4229845
2297613 2297613
5594669 5594669
2142260 2142260
5402966 5402966
1254809 1254809
5508407 5508407
2413058 2413058
2930092 2930092
2053531 2053531
2132673 2132673
3744354 3744354
4921604 4921604
1747105 1747105
5054170 5054170
5971689 5971689
1638550 1638550
5895998 5895998
2957258 2957258
5730585 5730585
2066757 2066757
3563204 3563204
3340903 3340903
4656768 4656768
3743447 3743447
2823676 2823676
3215498 3215498
3602694 3602694
5481115 5481115
3296463 3296463
1848042 1848042
4637456 4637456
1334016 1334016
4088430 4088430
1789409 1789409
3295963 3295963
1842484 1842484
4800668 4800668
5666610 5666610
1319487 1319487
2640883 2640883
3357705 3357705
3521293 3521293
5768899 5768899
4778139 4778139
3023567 3023567
3864918 3864918
2016747 2016747
5333804 5333804
1459194 1459194
2903232 2903232
2380195 2380195
4099334 4099334
2012050 2012050
4013414 4013414
4758277 4758277
3601118 3601118
4150417 4150417
4450076 4450076
2295461 2295461
2195853 2195853
1682036 1682036
3411669 3411669
1898178 1898178
3829959 3829959
4989110 4989110
5873627 5873627
1265412 1265412
5898388 5898388
4664053 4664053
5082849 5082849
2417431 2417431
2928568 2928568
5636841 5636841
5241366 5241366
2086551 2086551
1329767 1329767
4989401 4989401
4918311 4918311
4400858 4400858
5965386 5965386
3734091 3734091
2597826 2597826
1565177 1565177
4783266 4783266
1121060 1121060
3225525 3225525
5881812 5881812
3833832 3833832
5208960 5208960
4142482 4142482
4658827 4658827
1967763 1967763
1944476 1944476
3044911 3044911
2697409 2697409
1515042 1515042
5998753 5998753
1246883 1246883
3093532 3093532
1265824 1265824
4393927 4393927
1065500 1065500
5394308 5394308
3662301 3662301
5621236 5621236
3450904 3450904
3619624 3619624
3304585 3304585
2092116 2092116
3383067 3383067
2387048 2387048
4819532 4819532
2338768 2338768
5214909 5214909
2868254 2868254
4115306 4115306
4874319 4874319
2873860 2873860
2388298 2388298
2951867 2951867
2814173 2814173
2714572 2714572
2073145 2073145
2010906 2010906
2696323 2696323
5637386 5637386
1433526 1433526
1456657 1456657
4202775 4202775
1281450 1281450
4955630 4955630
1287459 1287459
5741136 5741136
1976468 1976468
1987311 1987311
2351528 2351528
4338096 4338096
4777751 4777751
4789751 4789751
3137800 3137800
5630366 5630366
3347031 3347031
1688947 1688947
5883324 5883324
1293439 1293439
5275299 5275299
2152398 2152398
5160093 5160093
1068581 1068581
3095947 3095947
3434441 3434441
5951432 5951432
5557091 5557091
2489666 2489666
5557427 5557427
2240705 2240705
5627856 5627856
1199414 1199414
5219754 5219754
3907034 3907034
3370609 3370609
2513972 2513972
4014156 4014156
3133099 3133099
3681546 3681546
3984756 3984756
2942766 2942766
3725492 3725492
1755221 1755221
5977697 5977697
1363621 1363621
6004306 6004306
2694553 2694553
3964967 3964967
4253391 4253391
4956657 4956657
2684610 2684610
4971583 4971583
5206910 5206910
5109272 5109272
4327586 4327586
1566486 1566486
4826096 4826096
2131443 2131443
1845744 1845744
2677976 2677976
2993241 2993241
3776758 3776758
1863050 1863050
4546130 4546130
1932809 1932809
1099117 1099117
3772598 3772598
2899222 2899222
2673148 2673148
1753982 1753982
1419402 1419402
3550712 3550712
2109397 2109397
2266943 2266943
5370651 5370651
3104709 3104709
4716679 4716679
5994187 5994187
4862429 4862429
2600863 2600863
4887658 4887658
4474601 4474601
3223669 3223669
2672320 2672320
2195695 2195695
5490914 5490914
3341301 3341301
1449992 1449992
4285332 4285332
1374367 1374367
5268587 5268587
2504258 2504258
3783094 3783094
4343718 4343718
4898614 4898614
1941198 1941198
5945186 5945186
5104865 5104865
5049187 5049187
1543223 1543223
4481016 4481016
5392118 5392118
2622531 2622531
2495357 2495357
4937723 4937723
3021795 3021795
3535103 3535103
4554343 4554343
1177835 1177835
5593259 5593259
5129298 5129298
1596963 1596963
1469807 1469807
4834580 4834580
5381172 5381172
4913611 4913611
3519892 3519892
4466849 4466849
5985029 5985029
1626529 1626529
5467639 5467639
5542528 5542528
5503943 5503943
4764004 4764004
1316594 1316594
3873025 3873025
5432692 5432692
2528733 2528733
3261417 3261417
3013283 3013283
1332454 1332454
1714640 1714640
3683602 3683602
3417304 3417304
4515858 4515858
4579140 4579140
2903153 2903153
1650854 1650854
1835156 1835156
2644124 2644124
5255784 5255784
2932611 2932611
5351433 5351433
3685915 3685915
2760496 2760496
4797491 4797491
3668944 3668944
3731354 3731354
5517683 5517683
2185237 2185237
1170930 1170930
3095984 3095984
2669994 2669994
2760182 2760182
1146222 1146222
3481649 3481649
3458900 3458900
2557073 2557073
2591658 2591658
5129338 5129338
5086476 5086476
3590918 3590918
5560323 5560323
3494825 3494825
2993963 2993963
1701949 1701949
1470510 1470510
3660055 3660055
2438398 2438398
3275599 3275599
2839742 2839742
2543981 2543981
1468708 1468708
3011520 3011520
3107119 3107119
4305099 4305099
4533711 4533711
4237745 4237745
2419108 2419108
2558248 2558248
4590200 4590200
3885253 3885253
5146047 5146047
4604452 4604452
4324682 4324682
5753381 5753381
4173083 4173083
5832019 5832019
4858315 4858315
5349459 5349459
2669238 2669238
1171315 1171315
3253604 3253604
1425710 1425710
1123893 1123893
5723577 5723577
3868844 3868844
2622872 2622872
2781378 2781378
3714030 3714030
5907525 5907525
5554239 5554239
2547094 2547094
3053333 3053333
2842074 2842074
4915993 4915993
1329652 1329652
5787689 5787689
5846926 5846926
5722383 5722383
2474800 2474800
1490821 1490821
1566943 1566943
2290735 2290735
2223988 2223988
4841220 4841220
1574015 1574015
2499583 2499583
2582425 2582425
5078757 5078757
2604572 2604572
2769617 2769617
1169895 1169895
3830091 3830091
5442973 5442973
2488701 2488701
2255953 2255953
4826039 4826039
5114156 5114156
1446148 1446148
5410461 5410461
5819890 5819890
4468152 4468152
2552431 2552431
5953008 5953008
4860944 4860944
2741697 2741697
5210887 5210887
1445193 1445193
2231769 2231769
3637898 3637898
2758033 2758033
4812622 4812622
5827098 5827098
3442475 3442475
4805744 4805744
1145408 1145408
1667598 1667598
3509877 3509877
4207218 4207218
5253867 5253867
4577707 4577707
3556108 3556108
1457479 1457479
2766969 2766969
4752532 4752532
4912629 4912629
4335257 4335257
4266061 4266061
2876575 2876575
5890647 5890647
2007299 2007299
1200239 1200239
2112701 2112701
1496502 1496502
1281835 1281835
4108693 4108693
4121182 4121182
1177861 1177861
5800709 5800709
3941203 3941203
3491837 3491837
1539312 1539312
5239422 5239422
3958187 3958187
5670760 5670760
1004847 1004847
5940884 5940884
4048456 4048456
1634278 1634278
1903761 1903761
3395125 3395125
4394839 4394839
4117458 4117458
1021410 1021410
2499627 2499627
4149535 4149535
4536005 4536005
2711069 2711069
2796905 2796905
2578452 2578452
4175614 4175614
1629410 1629410
4198536 4198536
3489714 3489714
3388138 3388138
4408345 4408345
1812619 1812619
2017523 2017523
1792675 1792675
2503301 2503301
5386394 5386394
1051566 1051566
5580229 5580229
3038585 3038585
4073715 4073715
2413464 2413464
2907962 2907962
2641674 2641674
1762866 1762866
1238358 1238358
1707159 1707159
1352603 1352603
4106537 4106537
2054753 2054753
4133170 4133170
1335599 1335599
2421948 2421948
4624261 4624261
5015443 5015443
3884231 3884231
3228716 3228716
5914891 5914891
4066955 4066955
5524624 5524624
4995242 4995242
5306829 5306829
3754023 3754023
1312331 1312331
5972522 5972522
3810782 3810782
4748352 4748352
2503469 2503469
1739525 1739525
4032550 4032550
3731831 3731831
3832955 3832955
2292367 2292367
2385145 2385145
2891835 2891835
4984222 4984222
2744535 2744535
5267845 5267845
4711213 4711213
3720204 3720204
4347605 4347605
2667962 2667962
2031335 2031335
4353199 4353199
4968715 4968715
1730715 1730715
5260635 5260635
4024902 4024902
5311173 5311173
3241460 3241460
5253635 5253635
2746262 2746262
2697411 2697411
5377268 5377268
3755387 3755387
1166869 1166869
4123396 4123396
1675860 1675860
4398706 4398706
1597624 1597624
1431456 1431456
4698260 4698260
3906805 3906805
5128667 5128667
1153924 1153924
5968320 5968320
4863784 4863784
5144708 5144708
3847823 3847823
3050701 3050701
1092800 1092800
3637535 3637535
2238522 2238522
2608818 2608818
2216179 2216179
4236442 4236442
5775814 5775814
1942684 1942684
3305396 3305396
2979919 2979919
4880252 4880252
4873824 4873824
4758487 4758487
1201847 1201847
4987753 4987753
4635351 4635351
4777958 4777958
5254884 5254884
4151517 4151517
2210294 2210294
4876282 4876282
5474342 5474342
3506024 3506024
5668350 5668350
3451697 3451697
5422148 5422148
3414733 3414733
2248099 2248099
5350081 5350081
5209341 5209341
5462466 5462466
1716221 1716221
1497407 1497407
2059697 2059697
5934461 5934461
1391557 1391557
4647883 4647883
2351576 2351576
2802406 2802406
3804515 3804515
5206202 5206202
3058882 3058882
4340487 4340487
1253555 1253555
4573090 4573090
1065704 1065704
2288901 2288901
4374919 4374919
2684746 2684746
4516744 4516744
1041115 1041115
1942204 1942204
1450219 1450219
2366893 2366893
5293475 5293475
3155625 3155625
1676607 1676607
2606476 2606476
5026706 5026706
1406438 1406438
3266825 3266825
1019663 1019663
4341989 4341989
1905086 1905086
4576332 4576332
2414212 2414212
1217021 1217021
3506982 3506982
5250834 5250834
5637687 5637687
3854415 3854415
2434196 2434196
3995502 3995502
2808267 2808267
2081633 2081633
4840241 4840241
2576556 2576556
1974579 1974579
5501267 5501267
1726908 1726908
1421205 1421205
2151101 2151101
3225870 3225870
3893876 3893876
1251344 1251344
4238221 4238221
1850376 1850376
2380171 2380171
2151319 2151319
1542776 1542776
4633146 4633146
3643726 3643726
5398625 5398625
5359315 5359315
2361928 2361928
1264998 1264998
2688116 2688116
5198447 5198447
2995347 2995347
2567334 2567334
2071446 2071446
1880466 1880466
1091082 1091082
2199321 2199321
3219126 3219126
4139897 4139897
4430871 4430871
5885099 5885099
2626213 2626213
5307897 5307897
5009355 5009355
3389377 3389377
5812896 5812896
4327634 4327634
2870842 2870842
1786173 1786173
1643365 1643365
5793807 5793807
1297707 1297707
5784221 5784221
4386862 4386862
4566484 4566484
3267059 3267059
4818488 4818488
5995284 5995284
1586167 1586167
1115118 1115118
5961956 5961956
5040987 5040987
4383660 4383660
2352331 2352331
5400030 5400030
2099993 2099993
5277623 5277623
3492248 3492248
5706520 5706520
4576288 4576288
1953017 1953017
2675902 2675902
4388229 4388229
2378407 2378407
5547305 5547305
2101458 2101458
2132400 2132400
4186249 4186249
5383002 5383002
5135423 5135423
2178110 2178110
5752414 5752414
1371787 1371787
3044542 3044542
4597287 4597287
3925514 3925514
5531253 5531253
3481214 3481214
5714726 5714726
2505908 2505908
4797154 4797154
1543560 1543560
2804394 2804394
1817483 1817483
3770895 3770895
5966931 5966931
2370179 2370179
4582677 4582677
5074369 5074369
2345244 2345244
5606984 5606984
5597110 5597110
2086090 2086090
5943910 5943910
4626799 4626799
2544674 2544674
1299471 1299471
5074493 5074493
2842129 2842129
5982934 5982934
3542835 3542835
5418838 5418838
1448422 1448422
1019408 1019408
5336861 5336861
4419819 4419819
4143843 4143843
4937590 4937590
5859350 5859350
3944215 3944215
4568595 4568595
4120486 4120486
5981559 5981559
1495994 1495994
2413412 2413412
4921023 4921023
1759022 1759022
2093458 2093458
2790381 2790381
4908976 4908976
1941396 1941396
5418541 5418541
4466215 4466215
2524751 2524751
1878319 1878319
5728511 5728511
1804379 1804379
4054886 4054886
1391430 1391430
1804153 1804153
1871477 1871477
5235115 5235115
3835682 3835682
4896612 4896612
5968791 5968791
1708907 1708907
3991839 3991839
4778359 4778359
1721888 1721888
3889661 3889661
1838987 1838987
2797517 2797517
2319230 2319230
3054862 3054862
3366872 3366872
3184095 3184095
2078918 2078918
4662023 4662023
4486248 4486248
5083504 5083504
5743376 5743376
5739166 5739166
5255651 5255651
1898765 1898765
1597807 1597807
5526141 5526141
4943398 4943398
5325826 5325826
5922456 5922456
5647749 5647749
4555083 4555083
3934042 3934042
4168056 4168056
3687580 3687580
5432743 5432743
4280883 4280883
4175796 4175796
2233194 2233194
4297834 4297834
1742199 1742199
4396823 4396823
2508359 2508359
5698686 5698686
2782672 2782672
1208287 1208287
3813865 3813865
1852196 1852196
1341578 1341578
2726038 2726038
1978711 1978711
5215325 5215325
3141524 3141524
3682394 3682394
2858562 2858562
3164710 3164710
4844168 4844168
3453711 3453711
5771074 5771074
4476141 4476141
3207712 3207712
3747736 3747736
4824156 4824156
1911114 1911114
3278961 3278961
2125181 2125181
4627476 4627476
3399443 3399443
5313813 5313813
4267361 4267361
4202384 4202384
4486494 4486494
2149445 2149445
3792678 3792678
1040315 1040315
5229039 5229039
3874250 3874250
1613486 1613486
4548787 4548787
2721487 2721487
2622209 2622209
1492297 1492297
